0 6.66134e-16
0.01 -1.40799e-06
0.02 4.34643e-08
0.03 4.87545e-07
0.04 -4.50787e-08
0.05 -3.57976e-07
0.06 -6.70379e-08
0.07 -3.54446e-07
0.08 -8.85361e-08
0.09 -3.49767e-07
0.1 -1.09524e-07
0.11 -3.43964e-07
0.12 -1.29956e-07
0.13 -3.37065e-07
0.14 -1.49792e-07
0.15 -3.29107e-07
0.16 -1.68999e-07
0.17 -3.2013e-07
0.18 -1.87545e-07
0.19 -3.10182e-07
0.2 -2.05407e-07
0.21 -2.99315e-07
0.22 -2.22565e-07
0.23 -2.87587e-07
0.24 -2.39006e-07
0.25 -2.75062e-07
0.26 -2.5472e-07
0.27 -2.61808e-07
0.28 -2.69705e-07
0.29 -2.47899e-07
0.3 -2.83962e-07
0.31 -2.33414e-07
0.32 -2.97499e-07
0.33 -2.18436e-07
0.34 -3.10328e-07
0.35 -2.03053e-07
0.36 -3.22468e-07
0.37 -1.87359e-07
0.38 -3.33942e-07
0.39 -1.7145e-07
0.4 -3.44779e-07
0.41 -1.55428e-07
0.42 -3.55012e-07
0.43 -1.39398e-07
0.44 -3.64681e-07
0.45 -1.23468e-07
0.46 -3.7383e-07
0.47 -1.07751e-07
0.48 -3.82507e-07
0.49 -9.23625e-08
0.5 -3.90767e-07
0.51 -7.74219e-08
0.52 -3.98669e-07
0.53 -6.30505e-08
0.54 -4.06275e-07
0.55 -7.59939e-08
0.56 -4.13655e-07
0.57 -1.06799e-07
0.58 -4.2088e-07
0.59 -1.38129e-07
0.6 -4.28027e-07
0.61 -1.69992e-07
0.62 -4.35178e-07
0.63 -2.02401e-07
0.64 -4.42451e-07
0.65 -2.35349e-07
0.66 -4.49826e-07
0.67 -2.68897e-07
0.68 -4.57528e-07
0.69 -3.03066e-07
0.7 -4.6555e-07
0.71 -3.37871e-07
0.72 -4.7408e-07
0.73 -3.73268e-07
0.74 -4.83178e-07
0.75 -4.09414e-07
0.76 -4.9293e-07
0.77 -4.46267e-07
0.78 -5.03413e-07
0.79 -4.83883e-07
0.8 -5.1485e-07
0.81 -5.22298e-07
0.82 -5.273e-07
0.83 -5.61593e-07
0.84 -5.40839e-07
0.85 -6.0176e-07
0.86 -5.55602e-07
0.87 -6.42908e-07
0.88 -5.7174e-07
0.89 -6.85042e-07
0.9 -5.89332e-07
0.91 -7.28249e-07
0.92 -6.08504e-07
0.93 -7.72575e-07
0.94 -6.29423e-07
0.95 -8.18104e-07
0.96 -6.52139e-07
0.97 -8.64876e-07
0.98 -6.7685e-07
0.99 -9.12949e-07
1 -7.03628e-07
1.01 -9.62424e-07
1.02 -7.32596e-07
1.03 -1.01335e-06
1.04 -7.63906e-07
1.05 -1.06579e-06
1.06 -7.97655e-07
1.07 -1.11985e-06
1.08 -8.42276e-07
1.09 -1.17557e-06
1.1 -9.20126e-07
1.11 -1.23305e-06
1.12 -1.00025e-06
1.13 -1.29235e-06
1.14 -1.08267e-06
1.15 -1.35356e-06
1.16 -1.16738e-06
1.17 -1.41675e-06
1.18 -1.2544e-06
1.19 -1.48201e-06
1.2 -1.34375e-06
1.21 -1.5494e-06
1.22 -1.43546e-06
1.23 -1.61902e-06
1.24 -1.5295e-06
1.25 -1.69094e-06
1.26 -1.62593e-06
1.27 -1.76524e-06
1.28 -1.72475e-06
1.29 -1.84199e-06
1.3 -1.82598e-06
1.31 -1.92128e-06
1.32 -1.92963e-06
1.33 -2.00319e-06
1.34 -2.03573e-06
1.35 -2.08778e-06
1.36 -2.14429e-06
1.37 -2.17514e-06
1.38 -2.25532e-06
1.39 -2.26533e-06
1.4 -2.36885e-06
1.41 -2.35844e-06
1.42 -2.4849e-06
1.43 -2.45452e-06
1.44 -2.60349e-06
1.45 -2.55365e-06
1.46 -2.72463e-06
1.47 -2.6559e-06
1.48 -2.84833e-06
1.49 -2.76132e-06
1.5 -2.97463e-06
1.51 -2.86998e-06
1.52 -3.10352e-06
1.53 -2.98194e-06
1.54 -3.23504e-06
1.55 -3.09726e-06
1.56 -3.36919e-06
1.57 -3.21598e-06
1.58 -3.506e-06
1.59 -3.33816e-06
1.6 -3.64546e-06
1.61 -3.46385e-06
1.62 -3.7876e-06
1.63 -3.6193e-06
1.64 -3.93243e-06
1.65 -3.78364e-06
1.66 -4.07995e-06
1.67 -3.95096e-06
1.68 -4.23018e-06
1.69 -4.12121e-06
1.7 -4.38312e-06
1.71 -4.29434e-06
1.72 -4.53877e-06
1.73 -4.4703e-06
1.74 -4.69715e-06
1.75 -4.64904e-06
1.76 -4.85826e-06
1.77 -4.83051e-06
1.78 -5.02208e-06
1.79 -5.01466e-06
1.8 -5.18863e-06
1.81 -5.20144e-06
1.82 -5.3579e-06
1.83 -5.39078e-06
1.84 -5.52988e-06
1.85 -5.58265e-06
1.86 -5.70456e-06
1.87 -5.77697e-06
1.88 -5.88194e-06
1.89 -5.9737e-06
1.9 -6.06199e-06
1.91 -6.17278e-06
1.92 -6.24471e-06
1.93 -6.37415e-06
1.94 -6.43008e-06
1.95 -6.57775e-06
1.96 -6.61808e-06
1.97 -6.78353e-06
1.98 -6.80868e-06
1.99 -6.99141e-06
2 -7.00185e-06
2.01 -7.20135e-06
2.02 -7.19758e-06
2.03 -7.41327e-06
2.04 -7.39582e-06
2.05 -7.62712e-06
2.06 -7.59655e-06
2.07 -7.84282e-06
2.08 -7.79972e-06
2.09 -8.06032e-06
2.1 -8.0053e-06
2.11 -8.27954e-06
2.12 -8.21323e-06
2.13 -8.50043e-06
2.14 -8.42349e-06
2.15 -8.7229e-06
2.16 -8.6464e-06
2.17 -8.9469e-06
2.18 -8.8852e-06
2.19 -9.17234e-06
2.2 -9.12558e-06
2.21 -9.39916e-06
2.22 -9.36742e-06
2.23 -9.62729e-06
2.24 -9.6106e-06
2.25 -9.85665e-06
2.26 -9.85499e-06
2.27 -1.00872e-05
2.28 -1.01005e-05
2.29 -1.03188e-05
2.3 -1.0347e-05
2.31 -1.05514e-05
2.32 -1.05944e-05
2.33 -1.07849e-05
2.34 -1.08425e-05
2.35 -1.10192e-05
2.36 -1.10913e-05
2.37 -1.12544e-05
2.38 -1.13406e-05
2.39 -1.14902e-05
2.4 -1.15903e-05
2.41 -1.17266e-05
2.42 -1.18403e-05
2.43 -1.19635e-05
2.44 -1.20905e-05
2.45 -1.22008e-05
2.46 -1.23407e-05
2.47 -1.24385e-05
2.48 -1.2591e-05
2.49 -1.26765e-05
2.5 -1.2841e-05
2.51 -1.29146e-05
2.52 -1.30908e-05
2.53 -1.31528e-05
2.54 -1.33402e-05
2.55 -1.3391e-05
2.56 -1.35891e-05
2.57 -1.36291e-05
2.58 -1.38374e-05
2.59 -1.3867e-05
2.6 -1.4085e-05
2.61 -1.41046e-05
2.62 -1.43318e-05
2.63 -1.43418e-05
2.64 -1.45776e-05
2.65 -1.45786e-05
2.66 -1.48224e-05
2.67 -1.48148e-05
2.68 -1.5066e-05
2.69 -1.50509e-05
2.7 -1.53084e-05
2.71 -1.53027e-05
2.72 -1.55495e-05
2.73 -1.55533e-05
2.74 -1.57891e-05
2.75 -1.58023e-05
2.76 -1.60271e-05
2.77 -1.60498e-05
2.78 -1.62634e-05
2.79 -1.62955e-05
2.8 -1.6498e-05
2.81 -1.65393e-05
2.82 -1.67308e-05
2.83 -1.67812e-05
2.84 -1.69615e-05
2.85 -1.7021e-05
2.86 -1.71902e-05
2.87 -1.72585e-05
2.88 -1.74168e-05
2.89 -1.74937e-05
2.9 -1.76411e-05
2.91 -1.77264e-05
2.92 -1.7863e-05
2.93 -1.79565e-05
2.94 -1.80826e-05
2.95 -1.81839e-05
2.96 -1.82996e-05
2.97 -1.84086e-05
2.98 -1.85139e-05
2.99 -1.86303e-05
3 -1.87256e-05
3.01 -1.8849e-05
3.02 -1.89345e-05
3.03 -1.90646e-05
3.04 -1.91405e-05
3.05 -1.92769e-05
3.06 -1.93436e-05
3.07 -1.9486e-05
3.08 -1.95436e-05
3.09 -1.96916e-05
3.1 -1.97405e-05
3.11 -1.98938e-05
3.12 -1.99341e-05
3.13 -2.00924e-05
3.14 -2.01245e-05
3.15 -2.02872e-05
3.16 -2.03116e-05
3.17 -2.04784e-05
3.18 -2.04952e-05
3.19 -2.06657e-05
3.2 -2.06753e-05
3.21 -2.08491e-05
3.22 -2.08519e-05
3.23 -2.10285e-05
3.24 -2.10319e-05
3.25 -2.12038e-05
3.26 -2.12119e-05
3.27 -2.13751e-05
3.28 -2.13878e-05
3.29 -2.15421e-05
3.3 -2.15595e-05
3.31 -2.17049e-05
3.32 -2.17268e-05
3.33 -2.18633e-05
3.34 -2.18898e-05
3.35 -2.20174e-05
3.36 -2.20482e-05
3.37 -2.21671e-05
3.38 -2.22022e-05
3.39 -2.23123e-05
3.4 -2.23515e-05
3.41 -2.24529e-05
3.42 -2.24961e-05
3.43 -2.2589e-05
3.44 -2.26361e-05
3.45 -2.27205e-05
3.46 -2.27712e-05
3.47 -2.28473e-05
3.48 -2.29015e-05
3.49 -2.29694e-05
3.5 -2.3027e-05
3.51 -2.30868e-05
3.52 -2.31475e-05
3.53 -2.31994e-05
3.54 -2.3263e-05
3.55 -2.33073e-05
3.56 -2.33735e-05
3.57 -2.34103e-05
3.58 -2.3479e-05
3.59 -2.35085e-05
3.6 -2.35795e-05
3.61 -2.36018e-05
3.62 -2.36748e-05
3.63 -2.36902e-05
3.64 -2.37651e-05
3.65 -2.37738e-05
3.66 -2.38502e-05
3.67 -2.38524e-05
3.68 -2.39301e-05
3.69 -2.39261e-05
3.7 -2.40049e-05
3.71 -2.39949e-05
3.72 -2.40745e-05
3.73 -2.40588e-05
3.74 -2.41389e-05
3.75 -2.41177e-05
3.76 -2.41982e-05
3.77 -2.41733e-05
3.78 -2.42522e-05
3.79 -2.42289e-05
3.8 -2.43011e-05
3.81 -2.42794e-05
3.82 -2.43449e-05
3.83 -2.43246e-05
3.84 -2.43834e-05
3.85 -2.43647e-05
3.86 -2.44168e-05
3.87 -2.43995e-05
3.88 -2.44451e-05
3.89 -2.44292e-05
3.9 -2.44682e-05
3.91 -2.44537e-05
3.92 -2.44863e-05
3.93 -2.44731e-05
3.94 -2.44993e-05
3.95 -2.44873e-05
3.96 -2.45072e-05
3.97 -2.44963e-05
3.98 -2.45101e-05
3.99 -2.45003e-05
4 -2.4508e-05
4.01 -2.44992e-05
4.02 -2.4501e-05
4.03 -2.44931e-05
4.04 -2.44891e-05
4.05 -2.44819e-05
4.06 -2.44722e-05
4.07 -2.44657e-05
4.08 -2.44506e-05
4.09 -2.44446e-05
4.1 -2.44241e-05
4.11 -2.44186e-05
4.12 -2.43929e-05
4.13 -2.43878e-05
4.14 -2.4357e-05
4.15 -2.43521e-05
4.16 -2.43164e-05
4.17 -2.43116e-05
4.18 -2.42712e-05
4.19 -2.42665e-05
4.2 -2.42215e-05
4.21 -2.42166e-05
4.22 -2.41673e-05
4.23 -2.41622e-05
4.24 -2.41086e-05
4.25 -2.41032e-05
4.26 -2.40456e-05
4.27 -2.40397e-05
4.28 -2.39782e-05
4.29 -2.39717e-05
4.3 -2.39065e-05
4.31 -2.38994e-05
4.32 -2.38339e-05
4.33 -2.38228e-05
4.34 -2.37574e-05
4.35 -2.37419e-05
4.36 -2.36768e-05
4.37 -2.36569e-05
4.38 -2.3592e-05
4.39 -2.35677e-05
4.4 -2.35031e-05
4.41 -2.34745e-05
4.42 -2.34101e-05
4.43 -2.33774e-05
4.44 -2.33132e-05
4.45 -2.32764e-05
4.46 -2.32124e-05
4.47 -2.31715e-05
4.48 -2.31078e-05
4.49 -2.3063e-05
4.5 -2.29994e-05
4.51 -2.29507e-05
4.52 -2.28873e-05
4.53 -2.28349e-05
4.54 -2.27716e-05
4.55 -2.27156e-05
4.56 -2.26524e-05
4.57 -2.25929e-05
4.58 -2.25297e-05
4.59 -2.24668e-05
4.6 -2.24037e-05
4.61 -2.23375e-05
4.62 -2.22744e-05
4.63 -2.2205e-05
4.64 -2.21419e-05
4.65 -2.20694e-05
4.66 -2.20062e-05
4.67 -2.19308e-05
4.68 -2.18675e-05
4.69 -2.17893e-05
4.7 -2.17258e-05
4.71 -2.16449e-05
4.72 -2.15813e-05
4.73 -2.14978e-05
4.74 -2.1434e-05
4.75 -2.1348e-05
4.76 -2.1284e-05
4.77 -2.11957e-05
4.78 -2.11313e-05
4.79 -2.10408e-05
4.8 -2.09761e-05
4.81 -2.08835e-05
4.82 -2.08185e-05
4.83 -2.0724e-05
4.84 -2.06585e-05
4.85 -2.0563e-05
4.86 -2.04963e-05
4.87 -2.04009e-05
4.88 -2.03318e-05
4.89 -2.02366e-05
4.9 -2.01653e-05
4.91 -2.00702e-05
4.92 -1.99967e-05
4.93 -1.99018e-05
4.94 -1.98262e-05
4.95 -1.97316e-05
4.96 -1.96539e-05
4.97 -1.95595e-05
4.98 -1.94798e-05
4.99 -1.93856e-05
5 -1.93041e-05
5.01 -1.92101e-05
5.02 -1.91267e-05
5.03 -1.9033e-05
5.04 -1.89479e-05
5.05 -1.88545e-05
5.06 -1.87676e-05
5.07 -1.86745e-05
5.08 -1.8586e-05
5.09 -1.84932e-05
5.1 -1.84032e-05
5.11 -1.83106e-05
5.12 -1.82192e-05
5.13 -1.81269e-05
5.14 -1.80341e-05
5.15 -1.79421e-05
5.16 -1.7848e-05
5.17 -1.77563e-05
5.18 -1.7661e-05
5.19 -1.75696e-05
5.2 -1.74731e-05
5.21 -1.7382e-05
5.22 -1.72845e-05
5.23 -1.71936e-05
5.24 -1.70951e-05
5.25 -1.70046e-05
5.26 -1.69052e-05
5.27 -1.68149e-05
5.28 -1.67147e-05
5.29 -1.66247e-05
5.3 -1.65238e-05
5.31 -1.64341e-05
5.32 -1.63325e-05
5.33 -1.6243e-05
5.34 -1.61408e-05
5.35 -1.60516e-05
5.36 -1.5949e-05
5.37 -1.586e-05
5.38 -1.5757e-05
5.39 -1.56682e-05
5.4 -1.55657e-05
5.41 -1.54763e-05
5.42 -1.53743e-05
5.43 -1.52843e-05
5.44 -1.5183e-05
5.45 -1.50924e-05
5.46 -1.49916e-05
5.47 -1.49006e-05
5.48 -1.48004e-05
5.49 -1.47089e-05
5.5 -1.46094e-05
5.51 -1.45175e-05
5.52 -1.44186e-05
5.53 -1.43263e-05
5.54 -1.42281e-05
5.55 -1.41355e-05
5.56 -1.40379e-05
5.57 -1.39451e-05
5.58 -1.38482e-05
5.59 -1.37551e-05
5.6 -1.3659e-05
5.61 -1.35657e-05
5.62 -1.34702e-05
5.63 -1.33768e-05
5.64 -1.32821e-05
5.65 -1.31886e-05
5.66 -1.30946e-05
5.67 -1.3001e-05
5.68 -1.29078e-05
5.69 -1.28142e-05
5.7 -1.27217e-05
5.71 -1.26282e-05
5.72 -1.25364e-05
5.73 -1.2443e-05
5.74 -1.2352e-05
5.75 -1.22587e-05
5.76 -1.21684e-05
5.77 -1.20753e-05
5.78 -1.19858e-05
5.79 -1.18929e-05
5.8 -1.18042e-05
5.81 -1.17115e-05
5.82 -1.16235e-05
5.83 -1.15312e-05
5.84 -1.1444e-05
5.85 -1.1352e-05
5.86 -1.12655e-05
5.87 -1.11739e-05
5.88 -1.10882e-05
5.89 -1.0997e-05
5.9 -1.0912e-05
5.91 -1.08213e-05
5.92 -1.07371e-05
5.93 -1.06472e-05
5.94 -1.05634e-05
5.95 -1.04744e-05
5.96 -1.0391e-05
5.97 -1.03029e-05
5.98 -1.022e-05
5.99 -1.01327e-05
6 -1.00502e-05
6.01 -9.96395e-06
6.02 -9.8819e-06
6.03 -9.79654e-06
6.04 -9.71496e-06
6.05 -9.63054e-06
6.06 -9.54946e-06
6.07 -9.46599e-06
6.08 -9.38542e-06
6.09 -9.3029e-06
6.1 -9.22287e-06
6.11 -9.1413e-06
6.12 -9.06183e-06
6.13 -8.98121e-06
6.14 -8.90232e-06
6.15 -8.82266e-06
6.16 -8.74436e-06
6.17 -8.66567e-06
6.18 -8.58798e-06
6.19 -8.51025e-06
6.2 -8.43319e-06
6.21 -8.35642e-06
6.22 -8.28001e-06
6.23 -8.2042e-06
6.24 -8.12846e-06
6.25 -8.05361e-06
6.26 -7.97855e-06
6.27 -7.90465e-06
6.28 -7.8303e-06
6.29 -7.75736e-06
6.3 -7.68371e-06
6.31 -7.61172e-06
6.32 -7.53881e-06
6.33 -7.46777e-06
6.34 -7.3956e-06
6.35 -7.32551e-06
6.36 -7.25409e-06
6.37 -7.18494e-06
6.38 -7.11429e-06
6.39 -7.04608e-06
6.4 -6.97621e-06
6.41 -6.90894e-06
6.42 -6.83986e-06
6.43 -6.77351e-06
6.44 -6.70524e-06
6.45 -6.63981e-06
6.46 -6.5724e-06
6.47 -6.50785e-06
6.48 -6.4414e-06
6.49 -6.37761e-06
6.5 -6.31214e-06
6.51 -6.24912e-06
6.52 -6.18462e-06
6.53 -6.12236e-06
6.54 -6.05883e-06
6.55 -5.99735e-06
6.56 -5.93478e-06
6.57 -5.87407e-06
6.58 -5.81246e-06
6.59 -5.75254e-06
6.6 -5.69188e-06
6.61 -5.63274e-06
6.62 -5.57304e-06
6.63 -5.51468e-06
6.64 -5.45593e-06
6.65 -5.39836e-06
6.66 -5.34054e-06
6.67 -5.28376e-06
6.68 -5.22688e-06
6.69 -5.17089e-06
6.7 -5.11494e-06
6.71 -5.05974e-06
6.72 -5.00472e-06
6.73 -4.9503e-06
6.74 -4.8962e-06
6.75 -4.84257e-06
6.76 -4.78938e-06
6.77 -4.73655e-06
6.78 -4.68425e-06
6.79 -4.63221e-06
6.8 -4.58081e-06
6.81 -4.52956e-06
6.82 -4.47905e-06
6.83 -4.42859e-06
6.84 -4.37896e-06
6.85 -4.32928e-06
6.86 -4.28052e-06
6.87 -4.23163e-06
6.88 -4.18373e-06
6.89 -4.13563e-06
6.9 -4.08858e-06
6.91 -4.04126e-06
6.92 -3.99506e-06
6.93 -3.94852e-06
6.94 -3.90315e-06
6.95 -3.85739e-06
6.96 -3.81284e-06
6.97 -3.76786e-06
6.98 -3.72413e-06
6.99 -3.67991e-06
7 -3.63699e-06
7.01 -3.59359e-06
7.02 -3.55142e-06
7.03 -3.50883e-06
7.04 -3.4674e-06
7.05 -3.42562e-06
7.06 -3.38491e-06
7.07 -3.34393e-06
7.08 -3.30395e-06
7.09 -3.26376e-06
7.1 -3.2245e-06
7.11 -3.18509e-06
7.12 -3.14654e-06
7.13 -3.10791e-06
7.14 -3.07006e-06
7.15 -3.03219e-06
7.16 -2.99504e-06
7.17 -2.95793e-06
7.18 -2.92147e-06
7.19 -2.8851e-06
7.2 -2.84933e-06
7.21 -2.8137e-06
7.22 -2.77861e-06
7.23 -2.74371e-06
7.24 -2.70929e-06
7.25 -2.6751e-06
7.26 -2.64135e-06
7.27 -2.60787e-06
7.28 -2.57477e-06
7.29 -2.54199e-06
7.3 -2.50955e-06
7.31 -2.47745e-06
7.32 -2.44566e-06
7.33 -2.41424e-06
7.34 -2.38308e-06
7.35 -2.35233e-06
7.36 -2.3218e-06
7.37 -2.29171e-06
7.38 -2.26181e-06
7.39 -2.23237e-06
7.4 -2.20307e-06
7.41 -2.17427e-06
7.42 -2.14559e-06
7.43 -2.11742e-06
7.44 -2.08933e-06
7.45 -2.06178e-06
7.46 -2.03429e-06
7.47 -2.00734e-06
7.48 -1.98044e-06
7.49 -1.95409e-06
7.5 -1.92776e-06
7.51 -1.90201e-06
7.52 -1.87625e-06
7.53 -1.85107e-06
7.54 -1.82588e-06
7.55 -1.80127e-06
7.56 -1.77665e-06
7.57 -1.75258e-06
7.58 -1.72853e-06
7.59 -1.70498e-06
7.6 -1.68149e-06
7.61 -1.65847e-06
7.62 -1.63552e-06
7.63 -1.61302e-06
7.64 -1.5906e-06
7.65 -1.56861e-06
7.66 -1.54672e-06
7.67 -1.52523e-06
7.68 -1.50386e-06
7.69 -1.48286e-06
7.7 -1.462e-06
7.71 -1.44149e-06
7.72 -1.42112e-06
7.73 -1.40109e-06
7.74 -1.38121e-06
7.75 -1.36164e-06
7.76 -1.34225e-06
7.77 -1.32314e-06
7.78 -1.30422e-06
7.79 -1.28557e-06
7.8 -1.26711e-06
7.81 -1.2489e-06
7.82 -1.2309e-06
7.83 -1.21313e-06
7.84 -1.19557e-06
7.85 -1.17823e-06
7.86 -1.16111e-06
7.87 -1.14419e-06
7.88 -1.1275e-06
7.89 -1.11099e-06
7.9 -1.09472e-06
7.91 -1.07862e-06
7.92 -1.06276e-06
7.93 -1.04706e-06
7.94 -1.03161e-06
7.95 -1.0163e-06
7.96 -1.00124e-06
7.97 -9.86312e-07
7.98 -9.71642e-07
7.99 -9.57093e-07
8 -9.42802e-07
8.01 -9.28622e-07
8.02 -9.14703e-07
8.03 -9.00885e-07
8.04 -8.8733e-07
8.05 -8.73867e-07
8.06 -8.60668e-07
8.07 -8.47554e-07
8.08 -8.34703e-07
8.09 -8.21936e-07
8.1 -8.09419e-07
8.11 -7.96992e-07
8.12 -7.84804e-07
8.13 -7.72708e-07
8.14 -7.60842e-07
8.15 -7.49071e-07
8.16 -7.37519e-07
8.17 -7.26067e-07
8.18 -7.14823e-07
8.19 -7.03681e-07
8.2 -6.92738e-07
8.21 -6.81901e-07
8.22 -6.71253e-07
8.23 -6.60713e-07
8.24 -6.50353e-07
8.25 -6.40103e-07
8.26 -6.30025e-07
8.27 -6.2006e-07
8.28 -6.10257e-07
8.29 -6.00569e-07
8.3 -5.91036e-07
8.31 -5.8162e-07
8.32 -5.7235e-07
8.33 -5.63198e-07
8.34 -5.54185e-07
8.35 -5.45292e-07
8.36 -5.36531e-07
8.37 -5.27891e-07
8.38 -5.19376e-07
8.39 -5.10982e-07
8.4 -5.02706e-07
8.41 -4.94553e-07
8.42 -4.86512e-07
8.43 -4.78594e-07
8.44 -4.70782e-07
8.45 -4.63092e-07
8.46 -4.55504e-07
8.47 -4.48038e-07
8.48 -4.40668e-07
8.49 -4.33419e-07
8.5 -4.26262e-07
8.51 -4.19227e-07
8.52 -4.12277e-07
8.53 -4.05449e-07
8.54 -3.98702e-07
8.55 -3.92076e-07
8.56 -3.85527e-07
8.57 -3.79097e-07
8.58 -3.72741e-07
8.59 -3.66504e-07
8.6 -3.60336e-07
8.61 -3.54285e-07
8.62 -3.48302e-07
8.63 -3.42432e-07
8.64 -3.36629e-07
8.65 -3.30935e-07
8.66 -3.25308e-07
8.67 -3.19785e-07
8.68 -3.14329e-07
8.69 -3.08973e-07
8.7 -3.03683e-07
8.71 -2.9849e-07
8.72 -2.93363e-07
8.73 -2.88328e-07
8.74 -2.83358e-07
8.75 -2.78478e-07
8.76 -2.73662e-07
8.77 -2.68932e-07
8.78 -2.64266e-07
8.79 -2.59681e-07
8.8 -2.55161e-07
8.81 -2.50718e-07
8.82 -2.4634e-07
8.83 -2.42036e-07
8.84 -2.37795e-07
8.85 -2.33625e-07
8.86 -2.29518e-07
8.87 -2.2548e-07
8.88 -2.21503e-07
8.89 -2.17592e-07
8.9 -2.13742e-07
8.91 -2.09955e-07
8.92 -2.06228e-07
8.93 -2.02562e-07
8.94 -1.98954e-07
8.95 -1.95405e-07
8.96 -1.91914e-07
8.97 -1.88479e-07
8.98 -1.851e-07
8.99 -1.81776e-07
9 -1.78507e-07
9.01 -1.7529e-07
9.02 -1.72128e-07
9.03 -1.69015e-07
9.04 -1.65957e-07
9.05 -1.62946e-07
9.06 -1.59988e-07
9.07 -1.57075e-07
9.08 -1.54215e-07
9.09 -1.51398e-07
9.1 -1.48633e-07
9.11 -1.45909e-07
9.12 -1.43236e-07
9.13 -1.40602e-07
9.14 -1.38018e-07
9.15 -1.35471e-07
9.16 -1.32974e-07
9.17 -1.30513e-07
9.18 -1.28099e-07
9.19 -1.25721e-07
9.2 -1.23388e-07
9.21 -1.21091e-07
9.22 -1.18836e-07
9.23 -1.16617e-07
9.24 -1.14439e-07
9.25 -1.12295e-07
9.26 -1.10191e-07
9.27 -1.0812e-07
9.28 -1.06088e-07
9.29 -1.04088e-07
9.3 -1.02126e-07
9.31 -1.00195e-07
9.32 -9.82995e-08
9.33 -9.64353e-08
9.34 -9.46056e-08
9.35 -9.2806e-08
9.36 -9.10396e-08
9.37 -8.93027e-08
9.38 -8.75976e-08
9.39 -8.59214e-08
9.4 -8.42758e-08
9.41 -8.26583e-08
9.42 -8.10703e-08
9.43 -7.95098e-08
9.44 -7.79775e-08
9.45 -7.64721e-08
9.46 -7.49938e-08
9.47 -7.35417e-08
9.48 -7.21157e-08
9.49 -7.07153e-08
9.5 -6.93399e-08
9.51 -6.79894e-08
9.52 -6.66631e-08
9.53 -6.53609e-08
9.54 -6.4082e-08
9.55 -6.28266e-08
9.56 -6.15935e-08
9.57 -6.03834e-08
9.58 -5.91948e-08
9.59 -5.80284e-08
9.6 -5.68827e-08
9.61 -5.57587e-08
9.62 -5.46545e-08
9.63 -5.35714e-08
9.64 -5.25074e-08
9.65 -5.14639e-08
9.66 -5.04387e-08
9.67 -4.94334e-08
9.68 -4.84458e-08
9.69 -4.74775e-08
9.7 -4.65262e-08
9.71 -4.55936e-08
9.72 -4.46775e-08
9.73 -4.37794e-08
9.74 -4.28971e-08
9.75 -4.20323e-08
9.76 -4.11829e-08
9.77 -4.03503e-08
9.78 -3.95326e-08
9.79 -3.8731e-08
9.8 -3.79439e-08
9.81 -3.71724e-08
9.82 -3.64148e-08
9.83 -3.56723e-08
9.84 -3.49433e-08
9.85 -3.42287e-08
9.86 -3.35273e-08
9.87 -3.28397e-08
9.88 -3.21649e-08
9.89 -3.15034e-08
9.9 -3.08542e-08
9.91 -3.02179e-08
9.92 -2.95935e-08
9.93 -2.89815e-08
9.94 -2.8381e-08
9.95 -2.77925e-08
9.96 -2.72151e-08
9.97 -2.66491e-08
9.98 -2.60939e-08
9.99 -2.55497e-08
10 -2.50161e-08
