0 1.25331 0
0.01 1.2533 -5.00294e-07
0.02 1.25325 1.13725e-08
0.03 1.25317 8.39039e-08
0.04 1.25306 -3.83807e-09
0.05 1.25292 1.94379e-10
0.06 1.25275 -5.69248e-09
0.07 1.25255 2.6944e-10
0.08 1.25231 -7.49717e-09
0.09 1.25205 3.41825e-10
0.1 1.25175 -9.24746e-09
0.11 1.25142 4.10791e-10
0.12 1.25106 -1.09389e-08
0.13 1.25067 4.7561e-10
0.14 1.25025 -1.25672e-08
0.15 1.24979 5.35573e-10
0.16 1.24931 -1.41284e-08
0.17 1.24879 5.89993e-10
0.18 1.24825 -1.56189e-08
0.19 1.24767 6.38208e-10
0.2 1.24706 -1.70351e-08
0.21 1.24642 6.79587e-10
0.22 1.24575 -1.83739e-08
0.23 1.24505 7.13529e-10
0.24 1.24432 -1.96323e-08
0.25 1.24356 7.39468e-10
0.26 1.24277 -2.08076e-08
0.27 1.24194 7.56876e-10
0.28 1.24109 -2.18976e-08
0.29 1.24021 7.65264e-10
0.3 1.23929 -2.29e-08
0.31 1.23835 7.64188e-10
0.32 1.23737 -2.38131e-08
0.33 1.23637 7.53249e-10
0.34 1.23533 -2.46352e-08
0.35 1.23427 7.32094e-10
0.36 1.23317 -2.53652e-08
0.37 1.23205 7.00423e-10
0.38 1.23089 -2.60019e-08
0.39 1.22971 6.57987e-10
0.4 1.2285 -2.65448e-08
0.41 1.22725 6.04588e-10
0.42 1.22598 -2.69932e-08
0.43 1.22468 5.40087e-10
0.44 1.22335 -2.73472e-08
0.45 1.22199 4.64402e-10
0.46 1.2206 -2.76066e-08
0.47 1.21918 3.77509e-10
0.48 1.21773 -2.7772e-08
0.49 1.21626 2.79442e-10
0.5 1.21475 -2.78438e-08
0.51 1.21322 1.70298e-10
0.52 1.21166 -2.7823e-08
0.53 1.21007 5.02346e-11
0.54 1.20845 -2.77106e-08
0.55 1.20681 -2.18735e-09
0.56 1.20513 -2.75081e-08
0.57 1.20343 -5.73086e-09
0.58 1.2017 -2.72171e-08
0.59 1.19995 -9.18556e-09
0.6 1.19816 -2.68393e-08
0.61 1.19635 -1.25426e-08
0.62 1.19452 -2.63768e-08
0.63 1.19265 -1.57935e-08
0.64 1.19076 -2.58318e-08
0.65 1.18884 -1.89305e-08
0.66 1.1869 -2.52069e-08
0.67 1.18492 -2.1946e-08
0.68 1.18293 -2.45048e-08
0.69 1.1809 -2.48331e-08
0.7 1.17885 -2.37282e-08
0.71 1.17678 -2.75853e-08
0.72 1.17467 -2.28802e-08
0.73 1.17255 -3.01967e-08
0.74 1.17039 -2.19641e-08
0.75 1.16822 -3.26618e-08
0.76 1.16601 -2.09831e-08
0.77 1.16379 -3.49757e-08
0.78 1.16153 -1.99409e-08
0.79 1.15926 -3.7134e-08
0.8 1.15695 -1.88411e-08
0.81 1.15463 -3.91327e-08
0.82 1.15228 -1.76875e-08
0.83 1.1499 -4.09685e-08
0.84 1.14751 -1.6484e-08
0.85 1.14508 -4.26385e-08
0.86 1.14264 -1.52346e-08
0.87 1.14017 -4.41403e-08
0.88 1.13768 -1.39435e-08
0.89 1.13517 -4.54722e-08
0.9 1.13263 -1.26148e-08
0.91 1.13007 -4.66328e-08
0.92 1.12749 -1.12528e-08
0.93 1.12488 -4.76212e-08
0.94 1.12226 -9.86196e-09
0.95 1.11961 -4.84371e-08
0.96 1.11694 -8.44655e-09
0.97 1.11425 -4.90806e-08
0.98 1.11153 -7.01103e-09
0.99 1.1088 -4.95525e-08
1 1.10605 -5.55988e-09
1.01 1.10327 -4.98538e-08
1.02 1.10047 -4.09756e-09
1.03 1.09766 -4.99861e-08
1.04 1.09482 -2.62857e-09
1.05 1.09196 -4.99514e-08
1.06 1.08909 -1.15738e-09
1.07 1.08619 -4.97521e-08
1.08 1.08328 -1.01768e-09
1.09 1.08034 -4.93911e-08
1.1 1.07739 -5.73438e-09
1.11 1.07442 -4.88717e-08
1.12 1.07143 -1.03183e-08
1.13 1.06842 -4.81977e-08
1.14 1.06539 -1.47585e-08
1.15 1.06234 -4.7373e-08
1.16 1.05928 -1.90446e-08
1.17 1.0562 -4.64021e-08
1.18 1.0531 -2.31668e-08
1.19 1.04999 -4.52897e-08
1.2 1.04685 -2.71163e-08
1.21 1.04371 -4.40411e-08
1.22 1.04054 -3.08848e-08
1.23 1.03736 -4.26616e-08
1.24 1.03416 -3.44648e-08
1.25 1.03095 -4.11569e-08
1.26 1.02772 -3.78494e-08
1.27 1.02447 -3.9533e-08
1.28 1.02121 -4.10326e-08
1.29 1.01794 -3.77962e-08
1.3 1.01465 -4.40091e-08
1.31 1.01134 -3.5953e-08
1.32 1.00802 -4.67742e-08
1.33 1.00469 -3.40102e-08
1.34 1.00134 -4.93239e-08
1.35 0.997979 -3.19745e-08
1.36 0.994604 -5.1655e-08
1.37 0.991215 -2.98532e-08
1.38 0.987814 -5.37649e-08
1.39 0.9844 -2.76536e-08
1.4 0.980972 -5.56519e-08
1.41 0.977533 -2.53829e-08
1.42 0.974081 -5.73146e-08
1.43 0.970617 -2.30488e-08
1.44 0.967141 -5.87527e-08
1.45 0.963653 -2.06589e-08
1.46 0.960154 -5.99663e-08
1.47 0.956644 -1.82208e-08
1.48 0.953123 -6.0956e-08
1.49 0.949591 -1.57424e-08
1.5 0.946048 -6.17234e-08
1.51 0.942495 -1.32315e-08
1.52 0.938932 -6.22703e-08
1.53 0.935359 -1.06959e-08
1.54 0.931777 -6.25994e-08
1.55 0.928185 -8.14336e-09
1.56 0.924583 -6.27138e-08
1.57 0.920973 -5.5818e-09
1.58 0.917353 -6.26173e-08
1.59 0.913726 -3.01896e-09
1.6 0.910089 -6.23139e-08
1.61 0.906445 -4.62554e-10
1.62 0.902792 -6.18085e-08
1.63 0.899132 -4.26976e-09
1.64 0.895464 -6.11063e-08
1.65 0.891789 -9.33505e-09
1.66 0.888107 -6.02128e-08
1.67 0.884418 -1.42238e-08
1.68 0.880722 -5.91342e-08
1.69 0.87702 -1.89257e-08
1.7 0.873311 -5.7877e-08
1.71 0.869596 -2.3431e-08
1.72 0.865876 -5.64482e-08
1.73 0.86215 -2.77313e-08
1.74 0.858418 -5.48548e-08
1.75 0.854681 -3.18185e-08
1.76 0.850939 -5.31047e-08
1.77 0.847193 -3.56859e-08
1.78 0.843442 -5.12055e-08
1.79 0.839686 -3.93271e-08
1.8 0.835926 -4.91656e-08
1.81 0.832163 -4.27371e-08
1.82 0.828395 -4.69934e-08
1.83 0.824624 -4.59113e-08
1.84 0.82085 -4.46975e-08
1.85 0.817072 -4.8846e-08
1.86 0.813292 -4.22869e-08
1.87 0.809508 -5.15385e-08
1.88 0.805722 -3.97705e-08
1.89 0.801934 -5.39867e-08
1.9 0.798144 -3.71577e-08
1.91 0.794352 -5.61893e-08
1.92 0.790558 -3.44577e-08
1.93 0.786762 -5.81458e-08
1.94 0.782965 -3.16801e-08
1.95 0.779167 -5.98563e-08
1.96 0.775368 -2.88343e-08
1.97 0.771568 -6.13218e-08
1.98 0.767768 -2.59299e-08
1.99 0.763967 -6.25439e-08
2 0.760166 -2.29765e-08
2.01 0.756365 -6.35248e-08
2.02 0.752565 -1.99838e-08
2.03 0.748764 -6.42675e-08
2.04 0.744965 -1.69612e-08
2.05 0.741165 -6.47754e-08
2.06 0.737367 -1.39184e-08
2.07 0.73357 -6.50527e-08
2.08 0.729775 -1.08648e-08
2.09 0.72598 -6.51041e-08
2.1 0.722188 -7.80967e-09
2.11 0.718397 -6.49347e-08
2.12 0.714609 -4.7624e-09
2.13 0.710822 -6.45503e-08
2.14 0.707038 -1.73206e-09
2.15 0.703257 -6.3957e-08
2.16 0.699478 -2.13691e-09
2.17 0.695702 -6.31616e-08
2.18 0.691929 -7.03927e-09
2.19 0.68816 -6.21711e-08
2.2 0.684394 -1.17531e-08
2.21 0.680631 -6.09929e-08
2.22 0.676872 -1.62695e-08
2.23 0.673117 -5.9635e-08
2.24 0.669367 -2.05805e-08
2.25 0.66562 -5.81055e-08
2.26 0.661878 -2.46789e-08
2.27 0.658141 -5.64128e-08
2.28 0.654408 -2.85586e-08
2.29 0.65068 -5.45657e-08
2.3 0.646958 -3.22142e-08
2.31 0.64324 -5.25732e-08
2.32 0.639528 -3.56413e-08
2.33 0.635821 -5.04446e-08
2.34 0.63212 -3.88362e-08
2.35 0.628425 -4.81892e-08
2.36 0.624736 -4.17961e-08
2.37 0.621053 -4.58166e-08
2.38 0.617376 -4.45191e-08
2.39 0.613706 -4.33365e-08
2.4 0.610042 -4.70038e-08
2.41 0.606385 -4.07587e-08
2.42 0.602735 -4.92498e-08
2.43 0.599091 -3.80931e-08
2.44 0.595455 -5.12574e-08
2.45 0.591826 -3.53495e-08
2.46 0.588205 -5.30276e-08
2.47 0.584591 -3.25379e-08
2.48 0.580985 -5.45619e-08
2.49 0.577387 -2.96683e-08
2.5 0.573796 -5.58627e-08
2.51 0.570214 -2.67506e-08
2.52 0.56664 -5.69329e-08
2.53 0.563074 -2.37945e-08
2.54 0.559516 -5.7776e-08
2.55 0.555968 -2.08098e-08
2.56 0.552427 -5.83961e-08
2.57 0.548896 -1.78063e-08
2.58 0.545374 -5.87978e-08
2.59 0.54186 -1.47934e-08
2.6 0.538356 -5.89863e-08
2.61 0.534861 -1.17805e-08
2.62 0.531376 -5.89671e-08
2.63 0.5279 -8.77683e-09
2.64 0.524434 -5.87464e-08
2.65 0.520977 -5.79139e-09
2.66 0.51753 -5.83305e-08
2.67 0.514094 -2.83299e-09
2.68 0.510667 -5.77263e-08
2.69 0.50725 -1.3426e-10
2.7 0.503844 -5.69411e-08
2.71 0.500448 -4.38557e-09
2.72 0.497062 -5.59824e-08
2.73 0.493687 -8.45793e-09
2.74 0.490323 -5.4858e-08
2.75 0.48697 -1.23448e-08
2.76 0.483627 -5.3576e-08
2.77 0.480295 -1.60402e-08
2.78 0.476974 -5.21448e-08
2.79 0.473665 -1.95395e-08
2.8 0.470366 -5.05728e-08
2.81 0.467079 -2.28384e-08
2.82 0.463803 -4.88688e-08
2.83 0.460539 -2.59335e-08
2.84 0.457286 -4.70416e-08
2.85 0.454045 -2.88224e-08
2.86 0.450816 -4.51002e-08
2.87 0.447598 -3.15033e-08
2.88 0.444392 -4.30537e-08
2.89 0.441198 -3.39749e-08
2.9 0.438016 -4.09112e-08
2.91 0.434847 -3.62369e-08
2.92 0.431689 -3.86818e-08
2.93 0.428543 -3.82897e-08
2.94 0.42541 -3.63748e-08
2.95 0.422289 -4.0134e-08
2.96 0.419181 -3.39993e-08
2.97 0.416085 -4.17714e-08
2.98 0.413002 -3.15644e-08
2.99 0.409931 -4.32039e-08
3 0.406873 -2.90791e-08
3.01 0.403827 -4.44343e-08
3.02 0.400795 -2.65526e-08
3.03 0.397775 -4.54657e-08
3.04 0.394768 -2.39936e-08
3.05 0.391774 -4.63018e-08
3.06 0.388793 -2.14108e-08
3.07 0.385825 -4.69467e-08
3.08 0.38287 -1.8813e-08
3.09 0.379928 -4.7405e-08
3.1 0.377 -1.62085e-08
3.11 0.374084 -4.76817e-08
3.12 0.371182 -1.36055e-08
3.13 0.368293 -4.77821e-08
3.14 0.365418 -1.10122e-08
3.15 0.362556 -4.7712e-08
3.16 0.359707 -8.43639e-09
3.17 0.356872 -4.74773e-08
3.18 0.35405 -5.88561e-09
3.19 0.351242 -4.70845e-08
3.2 0.348447 -3.36726e-09
3.21 0.345666 -4.654e-08
3.22 0.342899 -8.88423e-10
3.23 0.340145 -4.58507e-08
3.24 0.337405 -2.11306e-09
3.25 0.334679 -4.50236e-08
3.26 0.331966 -5.30411e-09
3.27 0.329267 -4.40659e-08
3.28 0.326582 -8.33808e-09
3.29 0.323911 -4.2985e-08
3.3 0.321253 -1.12114e-08
3.31 0.318609 -4.17883e-08
3.32 0.31598 -1.39213e-08
3.33 0.313364 -4.04835e-08
3.34 0.310762 -1.64654e-08
3.35 0.308173 -3.90781e-08
3.36 0.305599 -1.88424e-08
3.37 0.303039 -3.75799e-08
3.38 0.300492 -2.10511e-08
3.39 0.29796 -3.59966e-08
3.4 0.295442 -2.30913e-08
3.41 0.292937 -3.4336e-08
3.42 0.290446 -2.49631e-08
3.43 0.28797 -3.26057e-08
3.44 0.285507 -2.66673e-08
3.45 0.283059 -3.08134e-08
3.46 0.280624 -2.82051e-08
3.47 0.278203 -2.89669e-08
3.48 0.275797 -2.95783e-08
3.49 0.273404 -2.70735e-08
3.5 0.271025 -3.0789e-08
3.51 0.26866 -2.51409e-08
3.52 0.26631 -3.18399e-08
3.53 0.263973 -2.31762e-08
3.54 0.26165 -3.27339e-08
3.55 0.259341 -2.11868e-08
3.56 0.257046 -3.34744e-08
3.57 0.254765 -1.91797e-08
3.58 0.252498 -3.40652e-08
3.59 0.250245 -1.71617e-08
3.6 0.248006 -3.45102e-08
3.61 0.24578 -1.51397e-08
3.62 0.243569 -3.4814e-08
3.63 0.241371 -1.31201e-08
3.64 0.239187 -3.4981e-08
3.65 0.237017 -1.11094e-08
3.66 0.234861 -3.50161e-08
3.67 0.232719 -9.11358e-09
3.68 0.23059 -3.49244e-08
3.69 0.228476 -7.1386e-09
3.7 0.226374 -3.47112e-08
3.71 0.224287 -5.19015e-09
3.72 0.222213 -3.4382e-08
3.73 0.220153 -3.27367e-09
3.74 0.218107 -3.39422e-08
3.75 0.216074 -1.39436e-09
3.76 0.214055 -3.33977e-08
3.77 0.21205 -5.73847e-10
3.78 0.210057 -3.27542e-08
3.79 0.208079 -2.85843e-09
3.8 0.206114 -3.20177e-08
3.81 0.204162 -5.02228e-09
3.82 0.202224 -3.11941e-08
3.83 0.200299 -7.06362e-09
3.84 0.198388 -3.02894e-08
3.85 0.19649 -8.98117e-09
3.86 0.194605 -2.93097e-08
3.87 0.192733 -1.07741e-08
3.88 0.190875 -2.82609e-08
3.89 0.18903 -1.24421e-08
3.9 0.187198 -2.71491e-08
3.91 0.185379 -1.39853e-08
3.92 0.183573 -2.59803e-08
3.93 0.18178 -1.54042e-08
3.94 0.180001 -2.47603e-08
3.95 0.178234 -1.66996e-08
3.96 0.17648 -2.34951e-08
3.97 0.174739 -1.7873e-08
3.98 0.173011 -2.21905e-08
3.99 0.171296 -1.89258e-08
4 0.169593 -2.0852e-08
4.01 0.167903 -1.98601e-08
4.02 0.166226 -1.94854e-08
4.03 0.164562 -2.06781e-08
4.04 0.16291 -1.80961e-08
4.05 0.16127 -2.13824e-08
4.06 0.159644 -1.66894e-08
4.07 0.158029 -2.19757e-08
4.08 0.156427 -1.52706e-08
4.09 0.154838 -2.24611e-08
4.1 0.15326 -1.38447e-08
4.11 0.151695 -2.28418e-08
4.12 0.150142 -1.24166e-08
4.13 0.148602 -2.31212e-08
4.14 0.147073 -1.09911e-08
4.15 0.145557 -2.3303e-08
4.16 0.144053 -9.57261e-09
4.17 0.14256 -2.33909e-08
4.18 0.14108 -8.16563e-09
4.19 0.139611 -2.33889e-08
4.2 0.138154 -6.77433e-09
4.21 0.136709 -2.33008e-08
4.22 0.135276 -5.4027e-09
4.23 0.133855 -2.31309e-08
4.24 0.132445 -4.05455e-09
4.25 0.131046 -2.28834e-08
4.26 0.129659 -2.7335e-09
4.27 0.128284 -2.25625e-08
4.28 0.12692 -1.44293e-09
4.29 0.125567 -2.21725e-08
4.3 0.124226 -1.8607e-10
4.31 0.122896 -2.17177e-08
4.32 0.121577 -1.27007e-09
4.33 0.12027 -2.12026e-08
4.34 0.118973 -2.68682e-09
4.35 0.117687 -2.06314e-08
4.36 0.116413 -4.01823e-09
4.37 0.115149 -2.00086e-08
4.38 0.113896 -5.264e-09
4.39 0.112654 -1.93383e-08
4.4 0.111423 -6.42412e-09
4.41 0.110203 -1.8625e-08
4.42 0.108993 -7.49891e-09
4.43 0.107793 -1.78729e-08
4.44 0.106605 -8.48895e-09
4.45 0.105426 -1.70861e-08
4.46 0.104259 -9.3951e-09
4.47 0.103101 -1.62688e-08
4.48 0.101954 -1.02185e-08
4.49 0.100817 -1.5425e-08
4.5 0.0996901 -1.09604e-08
4.51 0.0985734 -1.45587e-08
4.52 0.0974668 -1.16224e-08
4.53 0.0963702 -1.36736e-08
4.54 0.0952836 -1.22063e-08
4.55 0.0942069 -1.27737e-08
4.56 0.09314 -1.27139e-08
4.57 0.0920829 -1.18624e-08
4.58 0.0910355 -1.31474e-08
4.59 0.0899977 -1.09434e-08
4.6 0.0889696 -1.3509e-08
4.61 0.087951 -1.002e-08
4.62 0.0869419 -1.3801e-08
4.63 0.0859423 -9.09554e-09
4.64 0.084952 -1.4026e-08
4.65 0.083971 -8.17316e-09
4.66 0.0829992 -1.41864e-08
4.67 0.0820367 -7.25588e-09
4.68 0.0810833 -1.42851e-08
4.69 0.080139 -6.34657e-09
4.7 0.0792036 -1.43247e-08
4.71 0.0782773 -5.44798e-09
4.72 0.0773598 -1.4308e-08
4.73 0.0764512 -4.56269e-09
4.74 0.0755514 -1.42379e-08
4.75 0.0746603 -3.69315e-09
4.76 0.0737778 -1.41173e-08
4.77 0.072904 -2.84168e-09
4.78 0.0720387 -1.39492e-08
4.79 0.0711819 -2.01044e-09
4.8 0.0703335 -1.37363e-08
4.81 0.0694935 -1.20142e-09
4.82 0.0686618 -1.34817e-08
4.83 0.0678384 -4.16505e-10
4.84 0.0670232 -1.31883e-08
4.85 0.0662161 -4.07319e-10
4.86 0.0654171 -1.28591e-08
4.87 0.0646261 -1.26158e-09
4.88 0.0638431 -1.24968e-08
4.89 0.063068 -2.06137e-09
4.9 0.0623007 -1.21045e-08
4.91 0.0615413 -2.80682e-09
4.92 0.0607895 -1.16848e-08
4.93 0.0600455 -3.49828e-09
4.94 0.0593091 -1.12406e-08
4.95 0.0585802 -4.13625e-09
4.96 0.0578589 -1.07746e-08
4.97 0.057145 -4.72141e-09
4.98 0.0564385 -1.02894e-08
4.99 0.0557394 -5.2546e-09
5 0.0550475 -9.78773e-09
5.01 0.0543628 -5.73679e-09
5.02 0.0536854 -9.27203e-09
5.03 0.053015 -6.1691e-09
5.04 0.0523517 -8.74479e-09
5.05 0.0516954 -6.55272e-09
5.06 0.0510461 -8.20836e-09
5.07 0.0504037 -6.889e-09
5.08 0.0497681 -7.66506e-09
5.09 0.0491392 -7.17936e-09
5.1 0.0485172 -7.1171e-09
5.11 0.0479017 -7.4253e-09
5.12 0.047293 -6.56658e-09
5.13 0.0466907 -7.6284e-09
5.14 0.046095 -6.01556e-09
5.15 0.0455058 -7.7903e-09
5.16 0.044923 -5.46597e-09
5.17 0.0443465 -7.9127e-09
5.18 0.0437763 -4.91964e-09
5.19 0.0432124 -7.99734e-09
5.2 0.0426547 -4.37835e-09
5.21 0.0421031 -8.04599e-09
5.22 0.0415576 -3.84373e-09
5.23 0.0410182 -8.06048e-09
5.24 0.0404847 -3.31734e-09
5.25 0.0399572 -8.04261e-09
5.26 0.0394356 -2.80066e-09
5.27 0.0389198 -7.99424e-09
5.28 0.0384098 -2.29502e-09
5.29 0.0379055 -7.9172e-09
5.3 0.0374069 -1.80172e-09
5.31 0.0369139 -7.81334e-09
5.32 0.0364266 -1.3219e-09
5.33 0.0359447 -7.68449e-09
5.34 0.0354684 -8.56656e-10
5.35 0.0349975 -7.53248e-09
5.36 0.0345319 -4.06957e-10
5.37 0.0340718 -7.35911e-09
5.38 0.0336169 -3.04629e-11
5.39 0.0331672 -7.16616e-09
5.4 0.0327228 -5.05899e-10
5.41 0.0322835 -6.95538e-09
5.42 0.0318493 -9.49378e-10
5.43 0.0314201 -6.72849e-09
5.44 0.030996 -1.36117e-09
5.45 0.0305768 -6.48718e-09
5.46 0.0301625 -1.74165e-09
5.47 0.0297531 -6.23309e-09
5.48 0.0293485 -2.0913e-09
5.49 0.0289487 -5.9678e-09
5.5 0.0285537 -2.41067e-09
5.51 0.0281633 -5.69289e-09
5.52 0.0277775 -2.70041e-09
5.53 0.0273964 -5.40983e-09
5.54 0.0270198 -2.96123e-09
5.55 0.0266477 -5.1201e-09
5.56 0.0262801 -3.1939e-09
5.57 0.0259169 -4.82508e-09
5.58 0.0255581 -3.39927e-09
5.59 0.0252036 -4.52612e-09
5.6 0.0248535 -3.57823e-09
5.61 0.0245075 -4.2245e-09
5.62 0.0241658 -3.73169e-09
5.63 0.0238283 -3.92144e-09
5.64 0.0234949 -3.86065e-09
5.65 0.0231655 -3.61812e-09
5.66 0.0228402 -3.96608e-09
5.67 0.0225189 -3.31565e-09
5.68 0.0222016 -4.04903e-09
5.69 0.0218882 -3.01506e-09
5.7 0.0215787 -4.11054e-09
5.71 0.021273 -2.71736e-09
5.72 0.0209712 -4.15167e-09
5.73 0.0206731 -2.42346e-09
5.74 0.0203787 -4.17349e-09
5.75 0.020088 -2.13424e-09
5.76 0.019801 -4.1771e-09
5.77 0.0195176 -1.8505e-09
5.78 0.0192377 -4.16356e-09
5.79 0.0189614 -1.573e-09
5.8 0.0186886 -4.13395e-09
5.81 0.0184193 -1.30241e-09
5.82 0.0181534 -4.08935e-09
5.83 0.0178909 -1.03937e-09
5.84 0.0176317 -4.03083e-09
5.85 0.0173758 -7.84459e-10
5.86 0.0171233 -3.95942e-09
5.87 0.016874 -5.38193e-10
5.88 0.0166279 -3.87617e-09
5.89 0.0163849 -3.01036e-10
5.9 0.0161452 -3.78209e-09
5.91 0.0159085 -7.33981e-11
5.92 0.0156749 -3.67817e-09
5.93 0.0154444 -1.61493e-10
5.94 0.0152168 -3.56539e-09
5.95 0.0149923 -3.88854e-10
5.96 0.0147707 -3.44469e-09
5.97 0.014552 -5.99193e-10
5.98 0.0143361 -3.31699e-09
5.99 0.0141232 -7.92806e-10
6 0.013913 -3.18318e-09
6.01 0.0137056 -9.70034e-10
6.02 0.013501 -3.04411e-09
6.03 0.0132991 -1.13126e-09
6.04 0.0130999 -2.90063e-09
6.05 0.0129034 -1.27691e-09
6.06 0.0127094 -2.75352e-09
6.07 0.0125181 -1.40743e-09
6.08 0.0123294 -2.60354e-09
6.09 0.0121432 -1.52331e-09
6.1 0.0119595 -2.45143e-09
6.11 0.0117783 -1.62506e-09
6.12 0.0115995 -2.29787e-09
6.13 0.0114232 -1.71321e-09
6.14 0.0112493 -2.14354e-09
6.15 0.0110777 -1.78831e-09
6.16 0.0109085 -1.98904e-09
6.17 0.0107416 -1.85091e-09
6.18 0.010577 -1.83498e-09
6.19 0.0104147 -1.90161e-09
6.2 0.0102546 -1.6819e-09
6.21 0.0100967 -1.94097e-09
6.22 0.00994096 -1.53032e-09
6.23 0.0097874 -1.96959e-09
6.24 0.00963597 -1.38073e-09
6.25 0.00948665 -1.98806e-09
6.26 0.00933941 -1.23358e-09
6.27 0.00919422 -1.99696e-09
6.28 0.00905106 -1.08928e-09
6.29 0.00890991 -1.99689e-09
6.3 0.00877074 -9.48224e-10
6.31 0.00863352 -1.98843e-09
6.32 0.00849825 -8.1075e-10
6.33 0.00836488 -1.97217e-09
6.34 0.0082334 -6.77179e-10
6.35 0.00810378 -1.94866e-09
6.36 0.007976 -5.47799e-10
6.37 0.00785005 -1.91847e-09
6.38 0.00772588 -4.22864e-10
6.39 0.00760349 -1.88216e-09
6.4 0.00748286 -3.02601e-10
6.41 0.00736395 -1.84025e-09
6.42 0.00724675 -1.87208e-10
6.43 0.00713124 -1.79328e-09
6.44 0.00701739 -7.68539e-11
6.45 0.00690519 -1.74175e-09
6.46 0.00679461 -3.10855e-11
6.47 0.00668564 -1.68616e-09
6.48 0.00657824 -1.38985e-10
6.49 0.00647241 -1.62699e-09
6.5 0.00636813 -2.3845e-10
6.51 0.00626537 -1.56469e-09
6.52 0.00616411 -3.29669e-10
6.53 0.00606434 -1.49971e-09
6.54 0.00596603 -4.12853e-10
6.55 0.00586917 -1.43247e-09
6.56 0.00577374 -4.88229e-10
6.57 0.00567971 -1.36339e-09
6.58 0.00558708 -5.56041e-10
6.59 0.00549582 -1.29284e-09
6.6 0.00540592 -6.16549e-10
6.61 0.00531735 -1.22119e-09
6.62 0.00523011 -6.70022e-10
6.63 0.00514416 -1.14881e-09
6.64 0.00505951 -7.16738e-10
6.65 0.00497612 -1.076e-09
6.66 0.00489398 -7.56985e-10
6.67 0.00481308 -1.0031e-09
6.68 0.0047334 -7.91056e-10
6.69 0.00465492 -9.3038e-10
6.7 0.00457762 -8.19247e-10
6.71 0.0045015 -8.58123e-10
6.72 0.00442653 -8.41859e-10
6.73 0.0043527 -7.86581e-10
6.74 0.00428 -8.59193e-10
6.75 0.00420841 -7.15991e-10
6.76 0.00413791 -8.7155e-10
6.77 0.00406848 -6.46569e-10
6.78 0.00400013 -8.7923e-10
6.79 0.00393282 -5.78516e-10
6.8 0.00386655 -8.82531e-10
6.81 0.0038013 -5.12014e-10
6.82 0.00373706 -8.81746e-10
6.83 0.00367381 -4.47229e-10
6.84 0.00361154 -8.77165e-10
6.85 0.00355024 -3.8431e-10
6.86 0.00348989 -8.69074e-10
6.87 0.00343048 -3.2339e-10
6.88 0.003372 -8.5775e-10
6.89 0.00331443 -2.64588e-10
6.9 0.00325777 -8.43467e-10
6.91 0.00320199 -2.08006e-10
6.92 0.00314709 -8.26488e-10
6.93 0.00309305 -1.53732e-10
6.94 0.00303987 -8.0707e-10
6.95 0.00298752 -1.01842e-10
6.96 0.002936 -7.85463e-10
6.97 0.0028853 -5.23969e-11
6.98 0.0028354 -7.61907e-10
6.99 0.0027863 -5.44583e-12
7 0.00273798 -7.36633e-10
7.01 0.00269043 -4.15631e-11
7.02 0.00264363 -7.09863e-10
7.03 0.00259759 -8.51456e-11
7.04 0.00255228 -6.8181e-10
7.05 0.00250771 -1.24973e-10
7.06 0.00246385 -6.52676e-10
7.07 0.00242069 -1.61159e-10
7.08 0.00237823 -6.22655e-10
7.09 0.00233646 -1.93824e-10
7.1 0.00229537 -5.91931e-10
7.11 0.00225494 -2.23096e-10
7.12 0.00221517 -5.60677e-10
7.13 0.00217604 -2.49105e-10
7.14 0.00213755 -5.29056e-10
7.15 0.00209969 -2.71989e-10
7.16 0.00206245 -4.97225e-10
7.17 0.00202582 -2.91886e-10
7.18 0.00198979 -4.65325e-10
7.19 0.00195435 -3.08936e-10
7.2 0.0019195 -4.33493e-10
7.21 0.00188522 -3.23283e-10
7.22 0.0018515 -4.01855e-10
7.23 0.00181834 -3.35069e-10
7.24 0.00178574 -3.70526e-10
7.25 0.00175367 -3.44438e-10
7.26 0.00172213 -3.39613e-10
7.27 0.00169112 -3.51532e-10
7.28 0.00166063 -3.09216e-10
7.29 0.00163065 -3.56492e-10
7.3 0.00160116 -2.79424e-10
7.31 0.00157217 -3.59459e-10
7.32 0.00154367 -2.50319e-10
7.33 0.00151565 -3.60569e-10
7.34 0.00148809 -2.21973e-10
7.35 0.00146101 -3.59957e-10
7.36 0.00143438 -1.94453e-10
7.37 0.00140819 -3.57756e-10
7.38 0.00138246 -1.67816e-10
7.39 0.00135715 -3.54094e-10
7.4 0.00133228 -1.42114e-10
7.41 0.00130783 -3.49097e-10
7.42 0.0012838 -1.17389e-10
7.43 0.00126018 -3.42885e-10
7.44 0.00123696 -9.36805e-11
7.45 0.00121414 -3.35576e-10
7.46 0.00119171 -7.10178e-11
7.47 0.00116967 -3.27283e-10
7.48 0.001148 -4.94262e-11
7.49 0.00112671 -3.18115e-10
7.5 0.00110578 -2.89247e-11
7.51 0.00108522 -3.08176e-10
7.52 0.00106501 -9.52702e-12
7.53 0.00104515 -2.97566e-10
7.54 0.00102564 -9.20382e-12
7.55 0.00100647 -2.86381e-10
7.56 0.000987627 -2.69104e-11
7.57 0.000969114 -2.74709e-10
7.58 0.000950926 -4.30358e-11
7.59 0.000933055 -2.62638e-10
7.6 0.000915497 -5.76351e-11
7.61 0.000898247 -2.50248e-10
7.62 0.0008813 -7.0766e-11
7.63 0.000864651 -2.37616e-10
7.64 0.000848295 -8.24881e-11
7.65 0.000832228 -2.24813e-10
7.66 0.000816445 -9.28625e-11
7.67 0.000800941 -2.11907e-10
7.68 0.000785712 -1.01952e-10
7.69 0.000770753 -1.98961e-10
7.7 0.000756059 -1.09818e-10
7.71 0.000741628 -1.86032e-10
7.72 0.000727454 -1.16526e-10
7.73 0.000713532 -1.73174e-10
7.74 0.00069986 -1.22138e-10
7.75 0.000686432 -1.60438e-10
7.76 0.000673246 -1.26717e-10
7.77 0.000660296 -1.4787e-10
7.78 0.000647578 -1.30327e-10
7.79 0.00063509 -1.35509e-10
7.8 0.000622827 -1.33028e-10
7.81 0.000610786 -1.23396e-10
7.82 0.000598962 -1.34882e-10
7.83 0.000587353 -1.11563e-10
7.84 0.000575954 -1.35949e-10
7.85 0.000564763 -1.0004e-10
7.86 0.000553774 -1.36287e-10
7.87 0.000542986 -8.88562e-11
7.88 0.000532395 -1.35953e-10
7.89 0.000521998 -7.80337e-11
7.9 0.00051179 -1.35003e-10
7.91 0.00050177 -6.75935e-11
7.92 0.000491934 -1.33489e-10
7.93 0.000482278 -5.7553e-11
7.94 0.0004728 -1.31464e-10
7.95 0.000463497 -4.7927e-11
7.96 0.000454365 -1.28978e-10
7.97 0.000445402 -3.87273e-11
7.98 0.000436605 -1.26078e-10
7.99 0.000427971 -2.99635e-11
8 0.000419497 -1.2281e-10
8.01 0.000411181 -2.16424e-11
8.02 0.000403019 -1.19219e-10
8.03 0.00039501 -1.37687e-11
8.04 0.00038715 -1.15345e-10
8.05 0.000379437 -6.345e-12
8.06 0.000371868 -1.1123e-10
8.07 0.000364442 -6.51355e-13
8.08 0.000357154 -1.06909e-10
8.09 0.000350004 -7.32477e-12
8.1 0.000342988 -1.0242e-10
8.11 0.000336104 -1.33821e-11
8.12 0.00032935 -9.77941e-11
8.13 0.000322724 -1.88477e-11
8.14 0.000316223 -9.30642e-11
8.15 0.000309846 -2.37462e-11
8.16 0.000303589 -8.82592e-11
8.17 0.000297452 -2.81034e-11
8.18 0.000291431 -8.34066e-11
8.19 0.000285525 -3.19451e-11
8.2 0.000279731 -7.85318e-11
8.21 0.000274048 -3.52974e-11
8.22 0.000268474 -7.36582e-11
8.23 0.000263007 -3.81864e-11
8.24 0.000257645 -6.88077e-11
8.25 0.000252385 -4.06382e-11
8.26 0.000247227 -6.40002e-11
8.27 0.000242168 -4.26786e-11
8.28 0.000237207 -5.92537e-11
8.29 0.000232341 -4.43332e-11
8.3 0.00022757 -5.45848e-11
8.31 0.000222891 -4.56274e-11
8.32 0.000218303 -5.00084e-11
8.33 0.000213804 -4.65856e-11
8.34 0.000209392 -4.55377e-11
8.35 0.000205066 -4.72321e-11
8.36 0.000200825 -4.11848e-11
8.37 0.000196666 -4.75905e-11
8.38 0.000192589 -3.696e-11
8.39 0.000188592 -4.76837e-11
8.4 0.000184672 -3.28723e-11
8.41 0.00018083 -4.75336e-11
8.42 0.000177063 -2.89296e-11
8.43 0.000173371 -4.71617e-11
8.44 0.000169751 -2.51385e-11
8.45 0.000166203 -4.65886e-11
8.46 0.000162724 -2.15045e-11
8.47 0.000159315 -4.58341e-11
8.48 0.000155973 -1.80318e-11
8.49 0.000152697 -4.4917e-11
8.5 0.000149486 -1.47238e-11
8.51 0.000146339 -4.38555e-11
8.52 0.000143255 -1.1583e-11
8.53 0.000140233 -4.26667e-11
8.54 0.00013727 -8.61087e-12
8.55 0.000134367 -4.1367e-11
8.56 0.000131522 -5.80801e-12
8.57 0.000128734 -3.99717e-11
8.58 0.000126002 -3.1744e-12
8.59 0.000123325 -3.84955e-11
8.6 0.000120702 -7.09229e-13
8.61 0.000118131 -3.69521e-11
8.62 0.000115612 -1.60749e-12
8.63 0.000113145 -3.53543e-11
8.64 0.000110727 -3.71931e-12
8.65 0.000108358 -3.37143e-11
8.66 0.000106037 -5.61866e-12
8.67 0.000103763 -3.20432e-11
8.68 0.000101536 -7.31526e-12
8.69 9.93535e-05 -3.03514e-11
8.7 9.72158e-05 -8.81916e-12
8.71 9.51216e-05 -2.86486e-11
8.72 9.30703e-05 -1.01403e-11
8.73 9.10609e-05 -2.69438e-11
8.74 8.90926e-05 -1.1289e-11
8.75 8.71647e-05 -2.5245e-11
8.76 8.52764e-05 -1.22748e-11
8.77 8.34269e-05 -2.35597e-11
8.78 8.16155e-05 -1.31077e-11
8.79 7.98414e-05 -2.18946e-11
8.8 7.81039e-05 -1.37976e-11
8.81 7.64023e-05 -2.02561e-11
8.82 7.47359e-05 -1.43539e-11
8.83 7.31041e-05 -1.86494e-11
8.84 7.1506e-05 -1.4786e-11
8.85 6.99412e-05 -1.70796e-11
8.86 6.84089e-05 -1.51029e-11
8.87 6.69084e-05 -1.55508e-11
8.88 6.54393e-05 -1.53134e-11
8.89 6.40008e-05 -1.40671e-11
8.9 6.25923e-05 -1.54261e-11
8.91 6.12134e-05 -1.26314e-11
8.92 5.98633e-05 -1.54492e-11
8.93 5.85415e-05 -1.12468e-11
8.94 5.72474e-05 -1.53908e-11
8.95 5.59806e-05 -9.91553e-12
8.96 5.47404e-05 -1.52584e-11
8.97 5.35264e-05 -8.63957e-12
8.98 5.23379e-05 -1.50594e-11
8.99 5.11746e-05 -7.42032e-12
9 5.00359e-05 -1.48006e-11
9.01 4.89213e-05 -6.2589e-12
9.02 4.78303e-05 -1.44887e-11
9.03 4.67625e-05 -5.15612e-12
9.04 4.57174e-05 -1.41299e-11
9.05 4.46945e-05 -4.11239e-12
9.06 4.36934e-05 -1.37303e-11
9.07 4.27137e-05 -3.128e-12
9.08 4.17548e-05 -1.32955e-11
9.09 4.08165e-05 -2.20271e-12
9.1 3.98983e-05 -1.28307e-11
9.11 3.89997e-05 -1.33615e-12
9.12 3.81205e-05 -1.23408e-11
9.13 3.72601e-05 -5.2782e-13
9.14 3.64182e-05 -1.18307e-11
9.15 3.55945e-05 -2.23169e-13
9.16 3.47885e-05 -1.13044e-11
9.17 3.39999e-05 -9.06683e-13
9.18 3.32284e-05 -1.07661e-11
9.19 3.24735e-05 -1.51954e-12
9.2 3.1735e-05 -1.02195e-11
9.21 3.10126e-05 -2.06523e-12
9.22 3.03058e-05 -9.66781e-12
9.23 2.96144e-05 -2.54722e-12
9.24 2.8938e-05 -9.11442e-12
9.25 2.82764e-05 -2.96941e-12
9.26 2.76292e-05 -8.56222e-12
9.27 2.69961e-05 -3.33512e-12
9.28 2.63769e-05 -8.01367e-12
9.29 2.57712e-05 -3.64783e-12
9.3 2.51788e-05 -7.47124e-12
9.31 2.45995e-05 -3.91105e-12
9.32 2.40328e-05 -6.93692e-12
9.33 2.34786e-05 -4.12795e-12
9.34 2.29366e-05 -6.41267e-12
9.35 2.24066e-05 -4.30201e-12
9.36 2.18883e-05 -5.90027e-12
9.37 2.13814e-05 -4.4364e-12
9.38 2.08857e-05 -5.40122e-12
9.39 2.04011e-05 -4.53412e-12
9.4 1.99271e-05 -4.91655e-12
9.41 1.94637e-05 -4.59808e-12
9.42 1.90106e-05 -4.44773e-12
9.43 1.85676e-05 -4.63145e-12
9.44 1.81344e-05 -3.99551e-12
9.45 1.77109e-05 -4.63665e-12
9.46 1.72969e-05 -3.56066e-12
9.47 1.68921e-05 -4.6165e-12
9.48 1.64964e-05 -3.14391e-12
9.49 1.61095e-05 -4.57344e-12
9.5 1.57313e-05 -2.74564e-12
9.51 1.53616e-05 -4.50993e-12
9.52 1.50003e-05 -2.36638e-12
9.53 1.4647e-05 -4.42817e-12
9.54 1.43017e-05 -2.00612e-12
9.55 1.39642e-05 -4.33025e-12
9.56 1.36344e-05 -1.66518e-12
9.57 1.3312e-05 -4.2183e-12
9.58 1.29969e-05 -1.34348e-12
9.59 1.26889e-05 -4.09412e-12
9.6 1.23879e-05 -1.04101e-12
9.61 1.20938e-05 -3.9596e-12
9.62 1.18063e-05 -7.57664e-13
9.63 1.15254e-05 -3.81636e-12
9.64 1.12509e-05 -4.93093e-13
9.65 1.09826e-05 -3.66589e-12
9.66 1.07205e-05 -2.47088e-13
9.67 1.04644e-05 -3.50975e-12
9.68 1.02141e-05 -1.93456e-14
9.69 9.96958e-06 -3.34931e-12
9.7 9.73066e-06 -1.8637e-13
9.71 9.49723e-06 -3.18563e-12
9.72 9.26917e-06 -3.69843e-13
9.73 9.04635e-06 -3.01994e-12
9.74 8.82867e-06 -5.32853e-13
9.75 8.61602e-06 -2.85336e-12
9.76 8.40827e-06 -6.76413e-13
9.77 8.20533e-06 -2.68673e-12
9.78 8.00709e-06 -8.01699e-13
9.79 7.81343e-06 -2.52098e-12
9.8 7.62428e-06 -9.09891e-13
9.81 7.43951e-06 -2.35678e-12
9.82 7.25904e-06 -1.00205e-12
9.83 7.08277e-06 -2.19502e-12
9.84 6.91061e-06 -1.07946e-12
9.85 6.74247e-06 -2.03608e-12
9.86 6.57825e-06 -1.14288e-12
9.87 6.41787e-06 -1.88067e-12
9.88 6.26124e-06 -1.19368e-12
9.89 6.10828e-06 -1.72923e-12
9.9 5.95891e-06 -1.23265e-12
9.91 5.81305e-06 -1.58218e-12
9.92 5.67061e-06 -1.2608e-12
9.93 5.53153e-06 -1.4397e-12
9.94 5.39572e-06 -1.27894e-12
9.95 5.26311e-06 -1.30232e-12
9.96 5.13364e-06 -1.28821e-12
9.97 5.00722e-06 -1.17019e-12
9.98 4.8838e-06 -1.28927e-12
9.99 4.7633e-06 -1.04356e-12
10 4.64565e-06 -1.28308e-12
